ID	Gene.title	Gene.symbol	Gene.ID	UniGene.title	UniGene.symbol	UniGene.ID	Nucleotide.Title	GI	GenBank.Accession	Platform_CLONEID	Platform_ORF	Platform_SPOTID	Chromosome.location	Chromosome.annotation	GO.Function	GO.Process	GO.Component	GO.Function.ID	GO.Process.ID	GO.Component.ID	logFC	AveExpr	t	P.Value	adj.P.Val	B
7892536										NA	NA	--normgene->exon									-0.315526946325393	10.5408034500685	-3.19264288455848	0.00206984526663166	0.206984526663166	-1.42270519663826
7892525										NA	NA	--normgene->intron									-0.539817417666665	3.96379194221918	-2.45458700721434	0.0164529149772237	0.512799912069221	-3.09915682419668
7892526										NA	NA	--normgene->intron									-0.573899347857143	4.46355467065753	-2.32982182805675	0.022542832671551	0.512799912069221	-3.34722308985329
7892556										NA	NA	--normgene->exon									0.211795288650794	11.3209050972603	2.1651772562674	0.0335945706937939	0.512799912069221	-3.65768017250447
7892593										NA	NA	--normgene->intron									-0.378212735682539	2.4420348070411	-2.08751744385091	0.0402804668726308	0.512799912069221	-3.79727485594992
7892541										NA	NA	--normgene->exon									-0.255745033142855	9.07677415658904	-2.0840381576867	0.0406052396126914	0.512799912069221	-3.80342462523473
7892517										NA	NA	--normgene->intron									0.482584355896828	5.04093860189041	2.02400324198394	0.0465761579857525	0.512799912069221	-3.90811730581373
7892528										NA	NA	--normgene->intron									-0.245864352960318	1.61153820828767	-2.01969854945726	0.0470318882989837	0.512799912069221	-3.91552043279535
7892561										NA	NA	--normgene->exon									-0.196728846222221	9.48694958293151	-2.00149792563955	0.0490012933418722	0.512799912069221	-3.94666742200859
7892584										NA	NA	--normgene->intron									-0.293302218674603	4.40023418030137	-1.94893656880792	0.0550895390178986	0.512799912069221	-4.03521093003256
7892521										NA	NA	--normgene->exon									0.334144731992066	7.11242740320548	1.84202427983912	0.0694736301153657	0.512799912069221	-4.2088022632536
7892555										NA	NA	--normgene->exon									-0.407887865198411	6.18857984672603	-1.82000399690138	0.0727978360355814	0.512799912069221	-4.24346076469162
7892514										NA	NA	--normgene->exon									-0.194520997015873	9.992537728	-1.80075380504787	0.0758116994272778	0.512799912069221	-4.273450273222
7892565										NA	NA	--normgene->exon									-0.373438419777776	4.89125049936986	-1.7829832814567	0.0786854239626537	0.512799912069221	-4.30087789724193
7892531										NA	NA	--normgene->intron									0.474168819095239	5.82096877075342	1.76774451224498	0.0812212248127423	0.512799912069221	-4.32420107001432
7892548										NA	NA	--normgene->exon									0.370048106031749	6.71773781352055	1.7628613503152	0.0820479859310754	0.512799912069221	-4.33163629407179
7892590										NA	NA	--normgene->intron									0.506657202952382	3.01607047005479	1.69996414710212	0.0933328239393502	0.549016611407942	-4.42572606640632
7892501										NA	NA	--normgene->exon									-0.469311740309524	2.57188688719178	-1.66350120822346	0.10043718942122	0.557984385673447	-4.47883742450469
7892504										NA	NA	--normgene->intron									-0.309912692301586	7.0144565479726	-1.59731051163628	0.114453533189854	0.602387016788706	-4.57253668410706
7892503										NA	NA	--normgene->intron									-0.254743240944444	3.06064985894521	-1.43355355338661	0.155906881659934	0.758655215466785	-4.78912139328878
7892533										NA	NA	--normgene->intron									-0.284747190269842	5.90873391149315	-1.42167273678855	0.159317595248025	0.758655215466785	-4.80398162863321
7892598										NA	NA	--normgene->exon									-0.162160567801587	8.61384894067123	-1.36495258606887	0.176399132144289	0.787428938618998	-4.87331849241933
7892578										NA	NA	--normgene->exon									-0.227122689007935	4.95927712489041	-1.35005550670481	0.181108655882369	0.787428938618998	-4.89108700115639
7892530										NA	NA	--normgene->exon									-0.215716676158727	6.99289699050685	-1.28572628272721	0.202543057205709	0.843929405023787	-4.96569144157735
7892580										NA	NA	--normgene->intron									0.238268235722223	2.28810530319178	1.25836166594396	0.212212422573365	0.84884969029346	-4.99637671906542
7892596										NA	NA	--normgene->exon									-0.213969040849206	3.25586583979452	-1.19718882001307	0.235049802447122	0.904037701719699	-5.06269258038282
7892595										NA	NA	--normgene->intron									-0.295561007206349	3.4004217010274	-1.11465138028057	0.268602905318005	0.911920798444847	-5.1471442698155
7892552										NA	NA	--normgene->intron									-0.244352554777776	3.38088540589041	-1.04252071470596	0.30056050818423	0.911920798444847	-5.21618625448494
7892535										NA	NA	--normgene->intron									0.350083436746033	4.51156293445205	1.03495311113488	0.304057436249915	0.911920798444847	-5.22317101723592
7892567										NA	NA	--normgene->intron									0.336237460333334	4.85397040734247	1.03472825704197	0.304161759623915	0.911920798444847	-5.22337779981399
7892553										NA	NA	--normgene->intron									0.225905340936508	3.95319706938356	1.02925060844747	0.306710664029437	0.911920798444847	-5.22840176757019
7892569										NA	NA	--normgene->exon									0.141952718500002	7.6370250520274	1.02457890121905	0.308895918361484	0.911920798444847	-5.23266613393095
7892579										NA	NA	--normgene->exon									-0.1054803979365	9.26792525560274	-1.00127412376674	0.319953611450565	0.911920798444847	-5.25365793736179
7892544										NA	NA	--normgene->intron									-0.229899395753967	3.42076848676712	-0.99523560329575	0.322861354908451	0.911920798444847	-5.25902070675238
7892594										NA	NA	--normgene->intron									-0.233561945261904	3.7857713510411	-0.97214018741846	0.334144287385087	0.911920798444847	-5.27924088343221
7892507										NA	NA	--normgene->intron									-0.257622714777777	3.9942732520274	-0.970343142210806	0.335032960243998	0.911920798444847	-5.28079486311596
7892560										NA	NA	--normgene->intron									0.166849601936509	3.28739971210959	0.950568471619224	0.344914397523715	0.911920798444847	-5.29771013523428
7892539										NA	NA	--normgene->intron									-0.301352223460315	4.08889909108219	-0.947370833988109	0.346529903409042	0.911920798444847	-5.30041356774802
7892510										NA	NA	--normgene->intron									0.17629618652381	3.61822296636986	0.815967391713153	0.417134686377834	0.918547755144771	-5.40381148575544
7892600										NA	NA	--normgene->intron									0.14907671952381	1.96852622360274	0.794817774454492	0.429258528431667	0.918547755144771	-5.41904379182129
7892574										NA	NA	--normgene->exon									0.0927042481904774	10.0258784245205	0.776016846387422	0.440209472806566	0.918547755144771	-5.43225493609367
7892545										NA	NA	--normgene->intron									-0.197773014222222	3.67100038027397	-0.722372037716757	0.472339975242891	0.918547755144771	-5.4682412789072
7892509										NA	NA	--normgene->exon									-0.0982217335952349	8.63923833267123	-0.706437852728884	0.482131830001554	0.918547755144771	-5.47844181163333
7892585										NA	NA	--normgene->intron									0.144045213952381	2.81134139019178	0.702217966062789	0.484743769253681	0.918547755144771	-5.48110570594936
7892589										NA	NA	--normgene->intron									0.210672049603174	4.74417823019178	0.694538902237224	0.489516805226854	0.918547755144771	-5.48591292897045
7892551										NA	NA	--normgene->intron									-0.0758513634365041	9.42759291872603	-0.660153869837821	0.511202456507936	0.918547755144771	-5.5067991882227
7892575										NA	NA	--normgene->intron									0.231737180857143	5.16454008634247	0.631631668338861	0.529571855226064	0.918547755144771	-5.52332997874836
7892543										NA	NA	--normgene->intron									0.137916781031747	4.41861009430137	0.617817455825389	0.538590300691501	0.918547755144771	-5.53107709159117
7892568										NA	NA	--normgene->exon									0.0721437574603172	9.63174246383562	0.606430869827422	0.546082545607347	0.918547755144771	-5.53733543188484
7892583										NA	NA	--normgene->intron									-0.133389035198411	4.05304505387671	-0.601975601945795	0.549028345746039	0.918547755144771	-5.53975281521506
7892557										NA	NA	--normgene->intron									-0.136617676896825	2.25109063087671	-0.601474734265292	0.549360016480109	0.918547755144771	-5.54002347841669
7892602										NA	NA	--normgene->intron									0.083251009190477	1.96778555783562	0.581797965123083	0.56246904216738	0.918547755144771	-5.55048016240515
7892540										NA	NA	--normgene->intron									0.124026880579366	5.16971157165753	0.562265148898708	0.575632782136741	0.918547755144771	-5.56051979726502
7892564										NA	NA	--normgene->exon									0.0604859594761891	9.36413111339726	0.553526917515932	0.581569435168289	0.918547755144771	-5.56490120642514
7892573										NA	NA	--normgene->intron									-0.139526736111109	4.0354532949863	-0.552950781129294	0.581961879896527	0.918547755144771	-5.56518769586103
7892588										NA	NA	--normgene->intron									0.0850585818412706	1.66754038036986	0.541798761620211	0.589583017003504	0.918547755144771	-5.57067489274511
7892571										NA	NA	--normgene->intron									0.11127641773016	2.2807937989589	0.532712896981026	0.595826672087737	0.918547755144771	-5.57506354140298
7892586										NA	NA	--normgene->intron									0.0920840135555561	1.87921089235616	0.524332589528274	0.601612603800585	0.918547755144771	-5.57904614766742
7892562										NA	NA	--normgene->exon									0.0936583720079405	6.13533658552055	0.513566873474493	0.609083184211828	0.918547755144771	-5.58407046262604
7892538										NA	NA	--normgene->intron									-0.127811999404762	4.2014902140411	-0.510477980008584	0.611234389734045	0.918547755144771	-5.58549294538774
7892576										NA	NA	--normgene->exon									-0.101374690253967	4.59810027472603	-0.507520127676546	0.61329754758666	0.918547755144771	-5.58684710098659
7892515										NA	NA	--normgene->intron									-0.0784497973095197	7.4872470409726	-0.505444172902909	0.614747435589913	0.918547755144771	-5.58779284523913
7892601										NA	NA	--control->bgp->antigenomic									-0.0445767752698409	3.98147329124658	-0.503146735004546	0.616353803782578	0.918547755144771	-5.58883500628667
7892592										NA	NA	--normgene->intron									0.108853462079366	3.95356556449315	0.50150389896332	0.617503625586372	0.918547755144771	-5.58957733823143
7892566										NA	NA	--normgene->intron									-0.119895111150793	2.95353268832877	-0.496048877468807	0.621328451598242	0.918547755144771	-5.59202495938747
7892502										NA	NA	--normgene->intron									0.0854335752936515	3.29259797256164	0.48550441149542	0.62875137751642	0.918547755144771	-5.59668083646926
7892512										NA	NA	--normgene->intron									-0.110354447873015	4.00975300046575	-0.481904834588108	0.631294194922668	0.918547755144771	-5.59824747772899
7892599										NA	NA	--normgene->exon									-0.0467812178888867	9.46575029486301	-0.476486623892787	0.635130135701857	0.918547755144771	-5.60058381111204
7892558										NA	NA	--normgene->intron									0.100140352873018	3.8123366199726	0.471664593171996	0.638552426810524	0.918547755144771	-5.60264100500471
7892549										NA	NA	--normgene->exon									-0.0939175980476188	5.48516203893151	-0.449399899126983	0.65445525868452	0.918547755144771	-5.61187002809955
7892591										NA	NA	--normgene->intron									-0.0540229693412688	2.09117374010959	-0.43251565073364	0.66662314926255	0.918547755144771	-5.61857307841505
7892550										NA	NA	--normgene->intron									-0.120857427722222	4.34482297779452	-0.430468137362088	0.66810490723052	0.918547755144771	-5.61936859118216
7892529										NA	NA	--normgene->intron									0.111450951158731	4.11896362269863	0.42178736005453	0.67440168003761	0.918547755144771	-5.62269960109334
7892527										NA	NA	--normgene->intron									0.104275083634921	6.38554898893151	0.407175450044363	0.685053253142565	0.918547755144771	-5.62815407446249
7892519										NA	NA	--normgene->intron									-0.0667323533333337	2.74677192563014	-0.401905388401834	0.688910816358579	0.918547755144771	-5.63007438528165
7892511										NA	NA	--normgene->intron									0.0738228808571431	3.21442590675342	0.375240203589543	0.708554032677056	0.932307937732969	-5.63940890503244
7892542										NA	NA	--normgene->exon									-0.0404680441825382	7.78856075823288	-0.353288887611103	0.724875218266949	0.941396387359674	-5.64661452908832
7892581										NA	NA	--normgene->intron									0.0698436517936507	2.66139589026027	0.33003429419002	0.742305502538238	0.95110501438486	-5.65377600496334
7892537										NA	NA	--normgene->intron									-0.0603036923888873	2.77296454217808	-0.300003708005407	0.765014514079265	0.95110501438486	-5.66230526195398
7892577										NA	NA	--normgene->intron									0.0535440152619056	2.84492711663014	0.295559680633337	0.768393196584938	0.95110501438486	-5.66349857775503
7892506										NA	NA	--normgene->intron									0.0777338447063487	4.03595140476712	0.292372398113234	0.77081917932938	0.95110501438486	-5.66434349285502
7892582										NA	NA	--normgene->intron									-0.0748578945952376	2.62865000023288	-0.280460275997569	0.779906111795585	0.95110501438486	-5.66742037257086
7892570										NA	NA	--normgene->intron									-0.0708444986984125	4.42796640842466	-0.241777881467825	0.809620286220739	0.965527605086614	-5.67653131552979
7892505										NA	NA	--normgene->intron									-0.0498850187936508	2.19698776247945	-0.239935147287995	0.811043188272756	0.965527605086614	-5.67693172188636
7892508										NA	NA	--normgene->intron									-0.0620585938809519	4.60100606557534	-0.216179614058088	0.829441892403129	0.969817783618169	-5.6818196732435
7892547										NA	NA	--normgene->intron									-0.044625189468253	3.66146114867123	-0.202011287695238	0.840461607961991	0.969817783618169	-5.68449289846475
7892559										NA	NA	--normgene->exon									-0.0325532502698422	5.6636990229589	-0.185916153384724	0.853018637178997	0.969817783618169	-5.68731015934265
7892534										NA	NA	--normgene->intron									-0.0363340217936488	4.92884119373973	-0.1683451385721	0.866770525819746	0.969817783618169	-5.69011910295555
7892518										NA	NA	--normgene->intron									0.0274872182539685	2.32629163565753	0.159038253554547	0.874071510044557	0.969817783618169	-5.69149413746265
7892597										NA	NA	--normgene->intron									-0.0361017516507935	3.59853011531507	-0.150268539147857	0.88096113681044	0.969817783618169	-5.69271832014087
7892532										NA	NA	--normgene->intron									0.0292924415079372	3.10058277219178	0.125343628630039	0.900591037786141	0.969817783618169	-5.69581883958639
7892516										NA	NA	--normgene->exon									-0.0268884761587298	3.361665561	-0.115911602189966	0.908036229499589	0.969817783618169	-5.69684594244038
7892572										NA	NA	--normgene->intron									-0.0259147261031734	5.7936807039589	-0.105078893704838	0.916597194181056	0.969817783618169	-5.69792652516007
7892524										NA	NA	--normgene->intron									-0.0315995289603146	4.64704293476712	-0.101153515016664	0.919701867426586	0.969817783618169	-5.69829194847475
7892587										NA	NA	--normgene->intron									-0.0156690691190478	3.4217612500137	-0.0666734185950149	0.947021305460788	0.969817783618169	-5.70090416607352
7892522										NA	NA	--normgene->intron									0.0085194210238102	5.73405814284931	0.0627901318526562	0.950102730242807	0.969817783618169	-5.70113112467025
7892554										NA	NA	--normgene->intron									-0.012071353007935	2.72599386658904	-0.0578568714424236	0.954018411214122	0.969817783618169	-5.70139981609959
7892513										NA	NA	--normgene->intron									-0.0145433977142853	2.67275482213699	-0.0578415664622325	0.954030561061494	0.969817783618169	-5.70140061550198
7892520										NA	NA	--normgene->intron									-0.00571024472222081	7.29079682808219	-0.0491094198163027	0.960964257584339	0.969817783618169	-5.7018222285377
7892563										NA	NA	--normgene->intron									-0.00566222754761814	5.79933517557534	-0.037964905190141	0.969817783618169	0.969817783618169	-5.70226032089962
